# This file may be used to create an environment using:
# $ conda create --name <env> --file <this file>
# platform: win-64
arrow-cpp=16.1.0=h7cd61ee_0
aws-c-auth=0.6.19=h2bbff1b_0
aws-c-cal=0.5.20=h2bbff1b_0
aws-c-common=0.8.5=h2bbff1b_0
aws-c-compression=0.2.16=h2bbff1b_0
aws-c-event-stream=0.2.15=hd77b12b_0
aws-c-http=0.6.25=h2bbff1b_0
aws-c-io=0.13.10=h2bbff1b_0
aws-c-mqtt=0.7.13=h2bbff1b_0
aws-c-s3=0.1.51=h2bbff1b_0
aws-c-sdkutils=0.1.6=h2bbff1b_0
aws-checksums=0.1.13=h2bbff1b_0
aws-crt-cpp=0.18.16=hd77b12b_0
aws-sdk-cpp=1.10.55=hd77b12b_0
boost-cpp=1.78.0=h5b4e17d_0
boto3=1.35.54=pyhd8ed1ab_0
botocore=1.35.54=pyge310_1234567_0
brotli-python=1.0.9=py310h00ffb61_8
bzip2=1.0.8=h2bbff1b_6
c-ares=1.19.1=h2bbff1b_0
ca-certificates=2024.8.30=h56e8100_0
certifi=2024.8.30=pyhd8ed1ab_0
charset-normalizer=3.4.0=pyhd8ed1ab_0
gflags=2.2.2=ha925a31_1004
glog=0.5.0=h4797de2_0
idna=3.10=pyhd8ed1ab_0
intel-openmp=2024.2.1=h57928b3_1083
jmespath=1.0.1=pyhd8ed1ab_0
libabseil=20240116.2=cxx17_h5da7b33_0
libblas=3.9.0=8_mkl
libbrotlicommon=1.0.9=h2bbff1b_8
libbrotlidec=1.0.9=h2bbff1b_8
libbrotlienc=1.0.9=h2bbff1b_8
libcblas=3.9.0=8_mkl
libcurl=8.9.1=h0416ee5_0
libevent=2.1.10=h91dae50_4
libffi=3.4.4=hd77b12b_1
libgrpc=1.62.2=hf25190f_0
liblapack=3.9.0=8_mkl
libprotobuf=4.25.3=hf2fb9eb_0
libssh2=1.11.0=h291bd65_0
libthrift=0.15.0=h4364b78_2
lz4-c=1.9.4=hcfcfb64_0
mkl=2020.4=hb70f87d_311
numpy=1.23.5=py310h4a8f9c9_0
openssl=3.0.15=h827c3e9_0
orc=2.0.1=hd8d391b_0
pandas=1.5.3=py310h1c4a608_1
pip=24.2=py310haa95532_0
py4j=0.10.9.7=pyhd8ed1ab_0
pyarrow=16.1.0=py310hc64d2fc_0
pysocks=1.7.1=pyh0701188_6
pyspark=3.5.3=pyhd8ed1ab_0
python=3.10.15=h4607a30_1
python-dateutil=2.9.0=pyhd8ed1ab_0
python-dotenv=1.0.1=pyhd8ed1ab_0
python_abi=3.10=2_cp310
pytz=2024.2=pyhd8ed1ab_0
re2=2022.04.01=h0e60522_0
requests=2.32.3=pyhd8ed1ab_0
s3transfer=0.10.3=pyhd8ed1ab_0
setuptools=75.1.0=py310haa95532_0
six=1.16.0=pyh6c4a22f_0
snappy=1.1.10=hfb803bf_0
sqlite=3.45.3=h2bbff1b_0
tk=8.6.14=h0416ee5_0
tzdata=2024b=h04d1e81_0
ucrt=10.0.22621.0=h57928b3_1
urllib3=2.2.1=pyhd8ed1ab_0
utf8proc=2.6.1=h2bbff1b_1
vc=14.40=h2eaa2aa_1
vs2015_runtime=14.40.33807=h98bb1dd_1
wheel=0.44.0=py310haa95532_0
win_inet_pton=1.1.0=pyh7428d3b_7
xz=5.4.6=h8cc25b3_1
zlib=1.2.13=h8cc25b3_1
zstd=1.5.6=h8880b57_0
